[0.04110131]
[0.05553457]
[0.05341738]
[0.04305902]
[0.06562883]
[0.05449805]
[0.06880128]
[0.04707789]
[0.08629003]
[0.07880551]
[0.10582]
[0.07541826]
[0.10150561]
[0.1551308]
[0.16078326]
[0.14893988]
[0.2603513]
[0.38284078]
[0.4589782]
[0.33856773]
[0.39686564]
[0.38753366]
[0.46556228]
[0.24535885]
[0.25037503]
[0.18003944]
[0.17277339]
[0.32597494]
[0.23122564]
[0.30918235]
[0.10409218]
[0.0678294]
[0.12343714]
[0.10794461]
[0.14798883]
[0.1792551]
[0.09075102]
[0.14603725]
[0.23781511]
[0.13243112]
[0.14285621]
[0.1335428]
[0.07649809]
[0.06989026]
[0.17458886]
[0.18244937]
[0.16048896]
[0.1693232]
[0.17617008]
[0.14932746]
[0.13804162]
[0.10170949]
[0.0436666]
[0.0488618]
[0.05378759]
[0.05119327]
[0.07334185]
[0.06750751]
[0.09954932]
[0.06330517]
[0.14449877]
[0.12619063]
[0.10164303]
[0.15194732]
[0.11597013]
[0.19407666]
[0.20750877]
[0.24811572]
[0.21272632]
[0.2571842]
[0.23575479]
[0.2701022]
[0.19139689]
[0.17857563]
[0.10609138]
[0.19205362]
[0.10381451]
[0.25634426]
[0.28996855]
[0.17193231]
[0.31430393]
[0.24060214]
[0.13342029]
[0.25327832]
