[0.03725928]
[0.02561212]
[0.02521861]
[0.03134355]
[0.02873433]
[0.01927897]
[0.02438572]
[0.01672685]
[0.01192266]
[0.0220454]
[0.03339845]
[0.01783654]
[0.01341861]
[0.13042298]
[0.08038855]
[0.13350022]
[0.27646768]
[0.23544985]
[0.40099436]
[0.48081315]
[0.6449729]
[0.4322858]
[0.4060344]
[0.30410007]
[0.35613298]
[0.44729206]
[0.67442805]
[0.58325356]
[0.7807791]
[0.45972002]
[0.4342843]
[0.53837353]
[0.7722508]
[0.6579431]
[0.6554609]
[0.73122627]
[0.6992152]
[0.7592401]
[0.71418303]
[0.5751051]
[0.7264015]
[0.7431845]
[0.7724077]
[0.77385235]
[0.7665446]
[0.69153297]
[0.68798214]
[0.72459626]
[0.6968508]
[0.43493074]
[0.803346]
[0.63509893]
[0.85624033]
[0.7355695]
[0.82047]
[0.772717]
[0.8489125]
[0.8779745]
[0.8529606]
[0.8883712]
[0.8742416]
[0.8920475]
[0.9033457]
[0.91718996]
[0.8857424]
[0.94998276]
[0.94808125]
[0.9310567]
[0.94410676]
[0.933741]
[0.92722964]
[0.9290923]
[0.9079249]
[0.9314381]
[0.9205177]
[0.92769444]
[0.93455476]
[0.91151726]
[0.92039055]
[0.9438789]
[0.9470568]
[0.9416875]
[0.93957216]
[0.9519506]
[0.9493345]
[0.9686307]
[0.9506425]
[0.93840694]
[0.9559689]
[0.9333955]
[0.84425664]
[0.89424]
[0.80482215]
